7.253968469231521e+17  7.931005457180563e+17  3.3011264199046143e-13  1.0165925667600388e-13  3.783884238565256e-13
7.931005457180563e+17  8.801481996324772e+17  2.515665275212724e-13  8.848093773173254e-14  4.256401222215309e-13
8.801481996324772e+17  9.478518984273814e+17  3.5966295314834205e-13  1.0446933525004188e-13  4.655032518408615e-13
9.478518984273814e+17  1.025227488308001e+18  4.121092814407863e-13  1.0439986703285262e-13  4.948153519983713e-13
1.025227488308001e+18  1.0832592960171895e+18  4.032510010978799e-13  1.1855857754314192e-13  5.161132595275454e-13
1.0832592960171895e+18  1.1412909884276543e+18  4.967680224339535e-13  1.3386539453840696e-13  5.335126909127639e-13
1.1412909884276543e+18  1.1896508474017654e+18  5.744203682968695e-13  1.5082367179519644e-13  5.460548790874258e-13
1.1896508474017654e+18  1.2476825398122301e+18  4.0083495901199767e-13  1.1803222184096463e-13  5.557131109251119e-13
1.2476825398122301e+18  1.296042398786341e+18  5.484800854324233e-13  1.5030783102244486e-13  5.651387533766647e-13
1.296042398786341e+18  1.354074091196806e+18  3.5670069284411973e-13  1.2298006728304775e-13  5.737985688229306e-13
1.354074091196806e+18  1.4024339501709169e+18  5.146680748525947e-13  1.5676326101173688e-13  5.796320578724423e-13
1.4024339501709169e+18  1.4507936938463043e+18  7.01610814410452e-13  1.8288299143546197e-13  5.831574737245621e-13
1.4507936938463043e+18  1.4894814887866143e+18  3.975283531609551e-13  1.5747790928070366e-13  5.868677736655953e-13
1.4894814887866143e+18  1.5378413477607252e+18  5.16793730283659e-13  1.7511928794354497e-13  5.908748686859866e-13
1.5378413477607252e+18  1.5862010914361126e+18  7.647993274939716e-13  1.9547519337093294e-13  5.944082187589915e-13
1.5862010914361126e+18  1.644232899145301e+18  6.2028429967279e-13  1.721463800258465e-13  5.954048723908357e-13
1.644232899145301e+18  1.6925926428206884e+18  6.947413641714447e-13  2.0258588321360565e-13  5.900927404642761e-13
1.6925926428206884e+18  1.779640296735109e+18  3.4910610357786764e-13  1.1152074014126971e-13  5.746945298078153e-13
1.779640296735109e+18  1.8280000404104965e+18  8.971887687085675e-13  2.4212556426176895e-13  5.709270218835498e-13
1.8280000404104965e+18  1.886031848119685e+18  6.118386870771542e-13  1.9292808093393801e-13  5.746775039196074e-13
1.886031848119685e+18  1.963407438000305e+18  4.585310745500719e-13  1.4647616952990337e-13  5.769701112132803e-13
1.963407438000305e+18  2.050454976616002e+18  5.992088713493137e-13  1.573323077263371e-13  5.794857869078112e-13
2.050454976616002e+18  2.127830797094069e+18  6.298161490558316e-13  1.7798030037810382e-13  5.838077312853654e-13
2.127830797094069e+18  2.2148783357097664e+18  4.758845476155608e-13  1.6741315963691987e-13  5.87887079239799e-13
2.2148783357097664e+18  2.301926104922911e+18  8.456149057078937e-13  2.0329628493615284e-13  5.887007458689611e-13
2.301926104922911e+18  2.4566772846841503e+18  5.433396956264203e-13  1.3827037646365463e-13  5.908029540600882e-13
2.4566772846841503e+18  2.6404445412480696e+18  2.936583348226568e-13  1.1229496631249061e-13  5.956872421706983e-13
2.6404445412480696e+18  2.9015873876926085e+18  3.4338723419407174e-13  1.1438161825021475e-13  5.95125778493441e-13
2.9015873876926085e+18  3.0079788237784607e+18  1.4031025788958327e-12  3.68408041451987e-13  5.967739945502687e-13
3.0079788237784607e+18  3.1820741316073027e+18  5.730995115538149e-13  2.0452304622563753e-13  5.955843938674027e-13
3.1820741316073027e+18  3.4045291831115315e+18  6.160237427717191e-13  2.1238714377021938e-13  5.930507645301697e-13
3.4045291831115315e+18  3.994518747743599e+18  4.339424812692813e-13  1.409534292628019e-13  5.946132198944493e-13
3.994518747743599e+18  4.874666774427991e+18  6.562719067989794e-13  1.9726347260263096e-13  5.905143138375582e-13
