
1.3306930693069315e+09  1.3480264761929038e+09  2.690678191931526  0.2491368696232894  2.4408989836125268
2.3516955191211762e+09  2.382328349670204e+09  3.758431219648332  0.1099541048301374  4.628010663124605
4.791925832406764e+09  4.854344734358189e+09  5.174822379280342  0.05024099397359556  7.35436809776986
6.207555791756387e+09  6.288414475691641e+09  5.424716629334665  0.050322046654310434  8.346828824734333
8.578943577128139e+09  8.690691600097561e+09  4.977013058146952  0.10993402337272384  9.579498525971735
1.8014376165944038e+14  1.8249028708354856e+14  24.062946426047258  0.8281076229025786  43.221455366154366
2.3948086909202762e+14  2.4260031071318256e+14  29.316889267591158  1.5690757781906943  41.30959425348063
3.718508258100404e+14  3.766944984895775e+14  24.283978873765044  2.7022168111692633  44.129309435317204
5.48257480882177e+14  5.553989999999998e+14  37.85678314695  6.986011254113566  48.422361076846265
7.835199135721377e+17  8.831820549488123e+17  0.08672569374341224  0.0005742634438094353  0.13891336808765148
8.831820549488123e+17  9.829216194184417e+17  0.08001612703926993  0.0005237234308731082  0.1307406466774361
9.829216194184417e+17  1.0827077069230783e+18  0.07491367989131451  0.0004912217807547614  0.12403399657816024
1.0827077069230783e+18  1.1825712751700314e+18  0.07308684961490819  0.0004816508843616067  0.11844778577211888
1.1825712751700314e+18  1.2824814241013535e+18  0.06993280315281723  0.00047023846796810344  0.11394084238618392
1.2824814241013535e+18  1.382453373148571e+18  0.06803479191516631  0.0004671367393169742  0.11022829208269523
1.382453373148571e+18  1.4825029182368287e+18  0.06675520933771541  0.0004644559880279513  0.10664326698140356
1.4825029182368287e+18  1.5826144940384292e+18  0.06499472181292053  0.0004579335051136857  0.10290277954808734
1.5826144940384292e+18  1.6827879852546488e+18  0.061884896017224605  0.00044452512250490556  0.09862474847080868
1.6827879852546488e+18  1.7830235071842112e+18  0.05808815999844733  0.0004289390120524964  0.09374712919752792
1.7830235071842112e+18  1.8833210598271165e+18  0.05466884050993234  0.0004167440227680892  0.08918989914418232
1.8833210598271165e+18  1.9836804125859172e+18  0.05225189383434872  0.000410711702674582  0.08558384903784796
1.9836804125859172e+18  2.084117361385758e+18  0.049914398160999976  0.0004054083464739484  0.08253115930378925
2.084117361385758e+18  2.1846163408989417e+18  0.04849353863737024  0.0004060437103476956  0.07972393540141809
2.1846163408989417e+18  2.285177351125468e+18  0.0470783719414144  0.00040793610627731726  0.07712197759922951
2.285177351125468e+18  2.385784711438916e+18  0.045928341713862855  0.00041268687675755273  0.07464272776092584
2.385784711438916e+18  2.486469783092128e+18  0.04532649392046762  0.00042171069885761116  0.07234216019600814
2.486469783092128e+18  2.5872321048902093e+18  0.043824041750662956  0.00042653474510114697  0.0703899844129659
2.5872321048902093e+18  2.6880564574016333e+18  0.04344854426168942  0.0004389577820330915  0.06878759089428829
2.6880564574016333e+18  2.788927390597426e+18  0.04277126086685224  0.00045018785874336516  0.06739013859424355
2.788927390597426e+18  2.889891254564509e+18  0.04294109058646259  0.0004681860237625414  0.06615291045877139
2.889891254564509e+18  2.990886249186988e+18  0.04118903419798211  0.0004761803871377309  0.06514412382751067
2.990886249186988e+18  3.0919739439833093e+18  0.04095406326657291  0.0004945945411778274  0.06436041222938482
3.0919739439833093e+18  3.193123900090421e+18  0.041145905994122496  0.0005166438716236728  0.06368333905858964
3.193123900090421e+18  3.294335656313428e+18  0.040351679016607495  0.0005326976396398382  0.06301787231815863
3.294335656313428e+18  3.395609443249778e+18  0.03862164876983132  0.0005414373950453726  0.062377229120113016
3.395609443249778e+18  3.496945260899471e+18  0.04001202460818597  0.0005736930143644652  0.061822570262221294
3.496945260899471e+18  3.59835855929148e+18  0.03743099099450994  0.0005784880559629044  0.061361432168934894
3.59835855929148e+18  3.699833888396832e+18  0.03805297344877747  0.0006083522639825968  0.0609335628178558
3.699833888396832e+18  3.8013866982445005e+18  0.03780545109208472  0.0006360685254999955  0.06048212316582338
3.8013866982445005e+18  3.903001538805512e+18  0.03628060808351951  0.0006549052200760242  0.0600127875061152
3.903001538805512e+18  4.004662729453445e+18  0.0361181685325158  0.0006869058268746883  0.059585068202711616
4.004662729453445e+18  4.106416620275221e+18  0.03611136646891492  0.000720450264194762  0.059253818064371334
4.106416620275221e+18  4.2082175529762606e+18  0.03473054759081512  0.0007420781186460759  0.0590155449158311
4.2082175529762606e+18  4.3100959664196173e+18  0.036747784714575224  0.000793584165947925  0.058809913341548205
4.3100959664196173e+18  4.412051399410395e+18  0.03518897491338861  0.0008130143882203367  0.05857189273220736
4.412051399410395e+18  4.5140534130855424e+18  0.03484153905043044  0.00083957616374011  0.058274725298095596
4.5140534130855424e+18  4.616133368697901e+18  0.03483366328003882  0.0008705180703460009  0.057931740200539594
4.616133368697901e+18  4.718290343857681e+18  0.03465005175272726  0.0009044350089918229  0.057575895822012294
4.718290343857681e+18  4.820493899701831e+18  0.03265884142026389  0.0009245026552817072  0.05723318202640849
4.820493899701831e+18  4.922790616914718e+18  0.0330254584693199  0.0009701095370988614  0.056901860409635865
4.922790616914718e+18  5.025133914811974e+18  0.0339337859883454  0.001026191018858054  0.056556605039278236
5.025133914811974e+18  5.127554232256652e+18  0.035598353264589995  0.001092277302832765  0.05617108569915752
5.127554232256652e+18  5.230036811012119e+18  0.03301615357418686  0.0011084462041437838  0.0557345939431666
4.871472999781904e+18  5.331144106591468e+18  0.02887454030140567  0.00033496301246063476  0.05543982695374354
5.331144106591468e+18  5.795175811130815e+18  0.0282696452991389  0.0003516034530253705  0.05343260187696608
5.795175811130815e+18  6.263045118389309e+18  0.02745844375532579  0.00039352535236919484  0.05129303364243228
6.263045118389309e+18  6.736626324419181e+18  0.026153672218738534  0.0004627528771867216  0.049111956582325846
6.736626324419181e+18  7.222640883616395e+18  0.02611078672826973  0.0005373122521224563  0.04690810439052423
7.222640883616395e+18  7.725928575206375e+18  0.023702811038515084  0.0005913728634209614  0.04465767001978626
7.725928575206375e+18  8.234195788074882e+18  0.02444466971757567  0.000588158983555993  0.04241683504147008
8.234195788074882e+18  8.725574966287734e+18  0.02340725136728923  0.0005771004842211737  0.040335336058596676
8.725574966287734e+18  9.192658397445587e+18  0.022632507202153637  0.000564641337269659  0.0385053088299924
9.192658397445587e+18  9.644370202761697e+18  0.021967905732653913  0.0005746001389813024  0.03688587799412854
9.644370202761697e+18  1.0091809498572919e+19  0.02120166378787395  0.00056288328447275  0.03538556896406038
1.0091809498572919e+19  1.054112677999553e+19  0.02043769623772922  0.0005452086137640004  0.03395469318113703
1.054112677999553e+19  1.0994479516747133e+19  0.02063066561962265  0.0005419448795025716  0.03258574664899922
1.0994479516747133e+19  1.1452332593281624e+19  0.019804634474962834  0.0005454656048600559  0.031277540016299676
1.1452332593281624e+19  1.1914610373636266e+19  0.0199603807743724  0.0005580200972747251  0.03002548995777138
1.1914610373636266e+19  1.2381066579737274e+19  0.018902974982441055  0.0005852432189933705  0.028832037083223225
1.2381066579737274e+19  1.2851406046852004e+19  0.0185645448507422  0.0006163150320306149  0.02770441962246991
1.2851406046852004e+19  1.3325320696790774e+19  0.017421559821900537  0.0006232406200458574  0.02664177606445452
1.3325320696790774e+19  1.380252735588821e+19  0.01797637959722246  0.0006288832472517347  0.02563546875772687
1.380252735588821e+19  1.4282795426696944e+19  0.01644401594904695  0.0006433406270985616  0.024681117510647183
1.4282795426696944e+19  1.4765941353648863e+19  0.016478177569411823  0.000699405084956658  0.023782160904744696
1.4765941353648863e+19  1.5251822166326604e+19  0.015624944332212752  0.0007739687227882502  0.02294068062265861
1.5251822166326604e+19  1.6231442552688484e+19  0.015784365990080273  0.0006367441996293704  0.02178547174109091
1.6231442552688484e+19  1.7221190778938894e+19  0.015192002958676414  0.0006920565632646152  0.020347740215020886
1.7221190778938894e+19  1.8220703423500777e+19  0.013408990130630617  0.0006770057905969555  0.01903229831446074
1.8220703423500777e+19  1.922952298103855e+19  0.013213601267833448  0.0006330184882304446  0.017820837725393345
1.922952298103855e+19  2.0247295253873054e+19  0.011494363006611906  0.0006079767479116436  0.016703136755079697
2.0247295253873054e+19  2.1274042379359224e+19  0.012401036053823975  0.0006107269101336449  0.01569936624365571
2.1274042379359224e+19  2.2309970972809916e+19  0.01139434054354401  0.0005835157813513145  0.014798381924082955
2.2309970972809916e+19  2.3354771111255867e+19  0.010308704071000138  0.0005586614315240146  0.013966349563246244
2.3354771111255867e+19  2.440713115641642e+19  0.009598071553899471  0.0005265374677934024  0.013197471034865548
2.440713115641642e+19  2.5465016316415984e+19  0.009801504367988162  0.0005175185802936945  0.012491865602401281
2.5465016316415984e+19  2.6526068962952634e+19  0.008449527208828968  0.0005461500053683624  0.01183211550917274
2.6526068962952634e+19  2.758816022039224e+19  0.008539636482411342  0.0005795352269620298  0.011208863114894408
2.758816022039224e+19  2.8649784748598366e+19  0.008047537786827345  0.0006201491452834593  0.010630680858567837
2.8649784748598366e+19  2.971011055198091e+19  0.007692270667068067  0.0006712095740224568  0.010100031982612837
2.971011055198091e+19  3.0768956842141106e+19  0.006404280916984727  0.0007198586341746048  0.009604083746358008
3.0768956842141106e+19  3.1826613249472877e+19  0.00750939509133223  0.0007794576114652469  0.009133884889735875
3.1826613249472877e+19  3.3940767542560825e+19  0.005634033740986222  0.000655276838603448  0.008504703569033177
3.3940767542560825e+19  3.6057102365111116e+19  0.005228699166117012  0.0007951945093162211  0.007777223774510591
3.6057102365111116e+19  3.817824837280335e+19  0.007041871940487286  0.0009748786292965807  0.007130691850887109
3.817824837280335e+19  4.243700689070968e+19  0.004364752344651708  0.0008562624128299807  0.006298772918277232
