EVN	1.7GHZ	1.70E09	0.75	0.08	1.28E-14	0.14E-14	5E-3	2017-05-09	57882
HSA	8.4GHZ	8.40E09	1.30	0.13	1.09E-13	0.11E-13	1.5E-3	2017-05-15	57888
HSA	15GHZ	1.50E10	1.13	0.11	1.70E-13	0.17E-13	1E-3	2017-06-16	57889
HSA	24GHZ	2.40E10	1.22	0.12	2.93E-13	0.29E-13	1E-3	2017-05-20	57893
VERA	22GHZ	2.20E10	1.32	0.13	2.90E-13	0.29E-13	1E-3	2017-04-02	57845
EAVN	22GHZ	2.20E10	1.34	0.13	2.95E-13	0.29E-13	1E-3	2017-04-03	57846
EAVN	43GHZ	4.30E10	1.10	0.11	4.73E-13	0.47E-13	1E-3	2017-04-09	57852
KVN	21GHZ	2.17E10	1.63	0.17	3.54E-13	0.37E-13	4.3E-3	2017-04-19	57862
KVN	43GHZ	4.34E10	1.31	0.13	5.69E-13	0.56E-13	2.2E-3	2017-04-19	57862
KVN	87GHZ	8.68E10	1.09	0.11	9.46E-13	0.95E-13	1.1E-3	2017-04-19	57862
KVN	129GHZ	1.29E11	0.83	0.25	1.07E-12	0.32E-12	0.8E-3	2017-04-19	57862
VLBA	24GHZ	2.40E10	1.12	0.11	2.00E-13	0.20E-13	6E-4	2017-05-05	57878
VLBA	43GHZ	4.30E10	1.09	0.11	3.62E-13	0.36E-13	3E-4	2017-05-05	57878
GMVA	86GHZ	8.60E10	0.73	0.22	6.30E-13	0.60E-13	1.5E-4	2017-03-30	57842
ALMA	220GHZ	2.20E11	1.31	0.13	2.87E-12	0.29E-12	1.8	2017-04-05	57848
SMA	220GHZ	2.20E11	1.32	0.13	2.90E-12	0.29E-12	3.0	2017-04-05	57848
EHT	230GHZ	2.30E11	0.66	0.16	1.51E-12	0.37E-12	2E-5	2017-04-05	47848
HST	F606W	5.20E14	4.91E-4	0.40E-4	2.55E-12	0.21E-12	0.1	2017-04-07	57850
HST	F275W	1.10E15	1.64E-4	0.24E-4	1.80E-12	0.26E-12	0.1	2017-04-07	57850
SWIFT	V	5.47E14	7.92E-4	2.85E-4	4.33E-12	1.56E-12	3	2017-04-06	57849
SWIFT	B	6.82E14	3.87E-4	2.09E-4	2.64E-12	1.43E-12	3	2017-04-06	57849
SWIFT	U	8.65E14	1.49E-4	0.81E-4	1.29E-12	0.70E-12	3	2017-04-06	57849
SWIFT	UVW1	1.15E15	8.20E-5	3.70E-5	9.43E-13	4.25E-13	3	2017-04-06	57849
SWIFT	UVM2	1.33E15	1.92E-4	0.29E-4	2.55E-12	0.39E-12	3	2017-04-06	57849
SWIFT	UVW2	1.55E15	8.90E-5	2.30E-5	1.38E-12	0.36E-12	3	2017-04-06	57849
SWIFT	2-10KEV	1.08E18	2.08E-7	0	2.25E-12	0	36	2017-04-05	57851
CH+NU	0.40-0.51KEV	1.09E17	9.52E-7	0.84E-7	1.04E-12	0.09E-12	0.8	2017-04-11	57854
CH+NU	0.51-0.65KEV	1.40E17	7.30E-7	0.56E-7	1.02E-12	0.08E-12	0.8	2017-04-11	57854
CH+NU	0.65-0.84KEV	1.79E17	5.61E-7	0.36E-7	1.00E-12	0.06E-12	0.8	2017-04-11	57854
CH+NU	0.84-1.07KEV	2.29E17	4.32E-7	0.23E-7	9.89E-13	0.52E-13	0.8	2017-04-11	57854
CH+NU	1.07-1.37KEV	2.93E17	3.31E-7	0.14E-7	9.70E-13	0.41E-13	0.8	2017-04-11	57854
CH+NU	1.37-1.75KEV	3.75E17	2.54E-7	0.08E-7	9.53E-13	0.31E-13	0.8	2017-04-11	57854
CH+NU	1.75-2.24KEV	4.80E17	1.95E-7	0.05E-7	9.36E-13	0.25E-13	0.8	2017-04-11	57854
CH+NU	2.24-2.87KEV	6.13E17	1.50E-7	0.04E-7	9.22E-13	0.24E-13	0.8	2017-04-11	57854
CH+NU	2.87-3.67KEV	7.85E17	1.15E-7	0.04E-7	9.03E-13	0.28E-13	0.8	2017-04-11	57854
CH+NU	3.67-4.69KEV	1.00E18	8.85E-8	0.34E-8	8.85E-13	0.35E-13	0.8	2017-04-11	57854
CH+NU	4.69-6.00KEV	1.28E18	6.80E-8	0.33E-8	8.70E-13	0.43E-13	0.8	2017-04-11	57854
CH+NU	6.00-7.67KEV	1.64E18	5.23E-8	0.32E-8	8.58E-13	0.53E-13	0.8	2017-04-11	57854
CH+NU	7.67-9.82KEV	2.10E18	4.02E-8	0.29E-8	8.44E-13	0.60E-13	0.8	2017-04-11	57854
CH+NU	9.82-12.6KEV	2.69E18	3.09E-8	0.26E-8	8.31E-13	0.69E-13	0.8	2017-04-11	57854
CH+NU	12.6-16.1KEV	3.44E18	2.37E-8	0.23E-8	8.15E-13	0.78E-13	0.8	2017-04-11	57854
CH+NU	16.1-20.5KEV	4.40E18	1.83E-8	0.20E-8	8.05E-13	0.86E-13	0.8	2017-04-11	57854
CH+NU	20.5-26.3KEV	5.62E18	1.41E-8	0.17E-8	7.92E-13	0.94E-13	0.8	2017-04-11	57854
CH+NU	26.3-33.6KEV	7.19E18	1.08E-8	0.14E-8	7.77E-13	1.02E-13	0.8	2017-04-11	57854
CH+NU	33.6-43.0KEV	9.20E18	8.32E-9	1.20E-9	7.65E-13	1.10E-13	0.8	2017-04-11	57854
CH+NU	43.0-55.0KEV	1.18E19	6.4E-9	1.00E-9	7.55E-13	1.18E-13	0.8	2017-04-11	57854
FERMI	0.1-1.0GEV	7.65E22	4.27E-12	1.32E-12	3.27E-12	1.01E-12	7700	2017-03-01	57813
FERMI	1-10GEV	7.65E23	2.45E-13	0.98E-13	1.87E-12	0.75E-12	1250	2017-03-01	57813
FERMI	10-100GEV	7.65E24	6.49E-14	3.87E-14	4.96E-12	2.96E-12	400	2017-03-01	57813
FERMI	100GEV-1TEV	7.65E25	6.88E-14	0	5.26E-11	0	350	2017-03-01	57813
HESS	250-380GEV	7.31E25	4.40E-15	0	3.22E-12	0	360	2017-03-28	57840
HESS	380-603GEV	1.16E26	1.24E-15	0	1.44E-12	0	360	2017-03-28	57840
HESS	603-955GEV	1.83E26	5.31E-16	0	9.74E-13	0	360	2017-03-28	57840
HESS	955-1512GEV	2.91E26	3.05E-16	0	8.88E-13	0	360	2017-03-28	57840
HESS	1512-2397GEV	4.61E26	1.67E-16	0	7.70E-13	0	360	2017-03-28	57840
MAGIC	126-199GEV	3.82E25	3.68E-15	2.14E-15	1.40E-13	0.82E-13	240	2017-03-22	57834
MAGIC	199-315GEV	6.06E25	1.10E-15	0.77E-15	6.67E-13	4.68E-13	210	2017-03-22	57834
MAGIC	315-500GEV	9.60E25	3.99E-16	3.69E-16	3.83E-13	3.54E-13	180	2017-03-22	57834
MAGIC	500-792GEV	1.52E26	5.08E-16	1.94E-16	7.72E-13	2.94E-13	160	2017-03-22	57834
MAGIC	792-1256GEV	2.41E26	1.95E-16	1.00E-6	4.70E-13	2.41E-13	150	2017-03-22	57834
MAGIC	1256-1991GEV	3.82E26	2.15E-16	0.86E-16	8.21E-13	3.30E-13	130	2017-03-22	57834
VERITAS	200-281GEV	5.73E25	1.74E-14	0	9.97E-12	0	360	2017-03-22	57834
VERITAS	281-397GEV	8.10E25	2.10E-15	0	1.70E-12	0	360	2017-03-22	57834
VERITAS	398-562GEV	1.14E26	6.42E-16	3.42E-16	7.32E-13	3.90E-14	360	2017-03-22	57834
VERITAS	562-793GEV	1.61E26	4.02E-16	2.30E-16	6.47E-13	3.70E-13	360	2017-03-22	57834
VERITAS	793-1120GEV	2.28E26	4.22E-16	0	9.62E-13	0	360	2017-03-22	57834
VERITAS	120-1583GEV	3.22E26	4.51E-16	0	1.13E-12	0	360	2017-03-22	57834
