8.398009950248756e+09  8.482412060301507e+09  2.6612650610495673e-13  1.620561026709536e-14  4.2833719316045546e-14
1.5024875621890547e+10  1.517587939698492e+10  4.0923046118422866e-13  1.8120906030297948e-14  9.171942288414078e-14
2.1990049751243782e+10  2.221105527638191e+10  4.4511625544423e-13  2.65213260443434e-14  1.353928497929991e-13
9.323383084577115e+10  9.417085427135678e+10  1.705425269851441e-12  5.622281109400356e-14  9.500680794110944e-13
1.0746268656716417e+11  1.085427135678392e+11  2.0629031434491244e-12  5.400270009029122e-14  1.188160179395093e-12
2.199004975124378e+11  2.221105527638191e+11  3.602480121023255e-12  6.630331511085746e-14  1.6604670016113745e-12
2.5074626865671643e+11  2.5326633165829144e+11  3.578578925983328e-12  5.040252008427223e-14  1.4353775813110925e-12
2.8457711442786066e+11  2.8743718592964825e+11  3.6609830461210825e-12  5.720286009564191e-14  1.189275538412403e-12
3.482587064676616e+11  3.5175879396984924e+11  3.3601680056181347e-12  7.000350011704447e-14  9.538690828169963e-13
6.318407960199004e+11  6.381909547738694e+11  2.7306365295655452e-12  5.715285759555794e-13  4.618189341033494e-13
2.598009950248756e+13  2.624120603015075e+13  3.3944697206754675e-12  5.222261108731489e-13  4.395214559397154e-12
2.7980099502487562e+13  2.8261306532663316e+13  4.696274809852073e-12  2.5309265442316566e-13  4.395214559397171e-12
1.3671641791044775e+14  1.3809045226130655e+14  4.479463969489528e-12  8.244412213784412e-13  5.810477929022753e-12
1.8059701492537316e+14  1.8241206030150753e+14  5.626781334407852e-12  1.4520726024278326e-12  3.4650150221426448e-12
2.4656716417910447e+14  2.4904522613065325e+14  5.1049352425353876e-12  4.4606230274581053e-13  1.8992435285870977e-12
3.3174129353233825e+14  3.350753768844221e+14  4.601150053692947e-12  3.334166705574599e-14  1.4689386128423413e-12
3.6945273631840794e+14  3.731658291457286e+14  3.534952744710348e-12  7.055052746795863e-13  1.4689386128423587e-12
4.9870646766169156e+14  5.037185929648242e+14  3.17275463510474e-12  3.157717883279599e-13  1.4629047663600326e-12
6.318407960199005e+14  6.381909547738694e+14  2.62268113188508e-12  7.620381012741153e-14  1.515771718341215e-12
8.924378109452735e+14  9.014070351758794e+14  1.8835841776493104e-12  3.587779385998686e-14  1.590507709425228e-12
4.99502487562189e+09  5.045226130653267e+09  1.5547717372995398e-13  3.614580726043489e-15  2.4689247946460528e-14
8.398009950248756e+09  8.482412060301507e+09  2.5490074482618755e-13  2.02570128338692e-15  4.2833719316045546e-14
8.924378109452735e+14  9.014070351758794e+14  1.9374008684392904e-12  3.587779385998686e-14  1.590507709425228e-12
1.1044776119402985e+15  1.1155778894472362e+15  1.7205860278767805e-12  3.330166505567962e-14  1.6207866189997448e-12
1.2696517412935322e+15  1.2824120603015072e+15  1.3398669922402317e-12  3.828191406400663e-14  1.649509481567565e-12
1.3592039800995025e+15  1.3728643216080402e+15  1.8168708420377838e-12  5.4642732091361915e-14  1.6771045702702647e-12
2.0587064676616918e+15  2.079396984924623e+15  9.786859334863567e-13  9.724786231259786e-14  1.3299860710650806e-12
2.4189054726368157e+17  2.4432160804020102e+17  6.077803885161901e-13  3.0389019425809503e-13  1.6591759746872069e-12
2.4189054726368164e+18  2.4432160804020096e+18  5.591579574349135e-13  2.91734586487781e-13  1.4103503866348058e-12
7.413555882782427e+16  9.531714500543973e+16  2.2617978026779386e-13  4.632688563784112e-14  1.3882121855441737e-12
9.531714500543973e+16  1.0590793809424744e+17  3.1915853287008537e-13  6.537109919864462e-14  1.4908198523192995e-12
1.0590793809424744e+17  1.1649873118305517e+17  2.8993654468576957e-13  5.812335355342306e-14  1.5421272617423898e-12
1.1649873118305517e+17  1.2708953147803312e+17  3.5316042252457167e-13  6.256782698982734e-14  1.56127205942698e-12
1.2708953147803312e+17  1.3415005059567795e+17  3.89573989524345e-13  8.139746239343249e-14  1.5551945688091371e-12
1.3415005059567795e+17  1.4121058412566326e+17  5.023862627083795e-13  9.347940770121618e-14  1.5561101812476926e-12
1.4121058412566326e+17  1.4827111765564854e+17  3.9375087689466806e-13  8.222825462629357e-14  1.570120977473082e-12
1.4827111765564854e+17  1.5886191074445632e+17  3.6678620606181795e-13  6.400818153745618e-14  1.5929039156238955e-12
1.5886191074445632e+17  1.623921703032787e+17  6.965443490319366e-13  1.5199843830155191e-13  1.6057578762261062e-12
1.623921703032787e+17  1.69452703833264e+17  4.659343230500533e-13  8.827468599776888e-14  1.6138479280289858e-12
1.69452703833264e+17  1.7651323736324934e+17  5.036407593450673e-13  9.227577301036796e-14  1.6204072016734695e-12
1.7651323736324934e+17  1.8357375648089414e+17  5.415519015667201e-13  9.622643688340668e-14  1.6270097647502203e-12
1.8357375648089414e+17  1.9063429001087946e+17  5.276203338323222e-13  9.523077119276626e-14  1.636252956562797e-12
1.9063429001087946e+17  1.9769482354086474e+17  5.501394933298705e-13  9.771641625023639e-14  1.6447301293883824e-12
1.9769482354086474e+17  2.0475535707085005e+17  5.069035736264638e-13  9.451103074159583e-14  1.6492733066408844e-12
2.0475535707085005e+17  2.1181587618849488e+17  5.00106169806749e-13  9.498759597422848e-14  1.6507961879130346e-12
2.1181587618849488e+17  2.2240666927730262e+17  3.9291983675980095e-13  6.99450855351302e-14  1.6539934009306194e-12
2.2240666927730262e+17  2.3299746236611034e+17  3.069724934449801e-13  6.340246253036489e-14  1.659600235223236e-12
2.3299746236611034e+17  2.400579958960956e+17  7.612431173470792e-13  1.2448672005867067e-13  1.6623461622021028e-12
2.400579958960956e+17  2.4711851501374048e+17  6.014419778763777e-13  1.1241077699299063e-13  1.6637831958780942e-12
2.4711851501374048e+17  2.577093081025482e+17  4.442543016987907e-13  8.092066862987209e-14  1.6674277019264465e-12
2.577093081025482e+17  2.683001011913559e+17  3.9352614888684036e-13  7.81618687537588e-14  1.6724164923279009e-12
2.683001011913559e+17  2.7889089428016365e+17  3.801068910511102e-13  7.881879804005953e-14  1.6745831821551488e-12
2.7889089428016365e+17  2.894816873689713e+17  5.221318737142323e-13  9.424015302248071e-14  1.673635654579343e-12
2.894816873689713e+17  3.0007250928245997e+17  5.339753758898135e-13  9.787191747614672e-14  1.6742282400230695e-12
3.0007250928245997e+17  3.106633023712677e+17  4.698786151044168e-13  9.432898124789756e-14  1.6768447227289593e-12
3.106633023712677e+17  3.2125409546007546e+17  4.1574373359718197e-13  9.128228608162285e-14  1.677645587249243e-12
3.2125409546007546e+17  3.353751336953651e+17  4.298145556914196e-13  8.289750875982692e-14  1.6742346330938725e-12
3.353751336953651e+17  3.4949620075533574e+17  4.2711886584349534e-13  8.582553745334819e-14  1.6708845669148453e-12
3.4949620075533574e+17  3.600869938441434e+17  6.800294616778532e-13  1.2916130145202683e-13  1.6719842476997918e-12
3.600869938441434e+17  3.671475129617883e+17  8.498352915137833e-13  1.814751060397209e-13  1.6731230659119508e-12
3.671475129617883e+17  3.7773830605059603e+17  6.061863342897783e-13  1.2986107861393236e-13  1.6729999449409632e-12
3.7773830605059603e+17  3.883290991394037e+17  8.18773744839702e-13  1.5805263183970856e-13  1.669090580197563e-12
3.883290991394037e+17  4.095107141417001e+17  4.658015524788234e-13  8.824953163608041e-14  1.6636526683767804e-12
4.095107141417001e+17  4.2363175237698976e+17  5.811315600884506e-13  1.243607447636843e-13  1.6625398043734382e-12
4.2363175237698976e+17  4.4128309340812326e+17  5.456149744012359e-13  1.0984285802313899e-13  1.6625524362874302e-12
4.4128309340812326e+17  4.5540413164341286e+17  6.407878534179275e-13  1.4037899135768626e-13  1.6565526926865832e-12
4.5540413164341286e+17  4.7658571782102835e+17  5.715005547075063e-13  1.1947005278291396e-13  1.6484061535407788e-12
4.7658571782102835e+17  4.9423703002748096e+17  7.95405647885353e-13  1.703968392672942e-13  1.6468484638477756e-12
4.9423703002748096e+17  5.330699860609108e+17  5.800694963513386e-13  1.2380294927694766e-13  1.6460515309690295e-12
5.330699860609108e+17  5.6484233650265306e+17  8.126939882425023e-13  1.7764136204419768e-13  1.6309846074489898e-12
5.6484233650265306e+17  6.213266047425354e+17  5.417479395628523e-13  1.1336603976291897e-13  1.6310835263123107e-12
6.213266047425354e+17  6.742805413618931e+17  6.773404988832446e-13  1.4166776446097804e-13  1.6142258810186987e-12
6.742805413618931e+17  7.378252998947393e+17  6.221960942955403e-13  1.3279393587648693e-13  1.6107707066411157e-12
7.378252998947393e+17  8.29612192547527e+17  5.437514616131035e-13  1.137272230379302e-13  1.5965697866555684e-12
8.29612192547527e+17  8.966872250515363e+17  8.056313395004458e-13  1.7590120024285952e-13  1.5815822161012783e-12
8.966872250515363e+17  1.0131859202037402e+18  5.965785862056058e-13  1.2746220084755552e-13  1.5748940429096692e-12
1.0131859202037402e+18  1.1967597055093153e+18  5.231376394437444e-13  1.1447697564051644e-13  1.5593234243328304e-12
1.1967597055093153e+18  1.765132373632493e+18  5.334649896474492e-13  1.1680215847228774e-13  1.570500509575014e-12
